123456789 123456789 123456789 123456789 123456789
123456789 123456789 123456789 123456789 123456789
123456789 123456789 123456789 123456789 123456789
123456789 123456789 123456789 123456789 123456789
123456789 123456789 123456789 123456789 123456789
123456789 123456789 123456789 123456789 123456789
123456789 123456789 123456789 123456789 123456789
123456789 123456789 123456789 123456789 123456789
123456789 123456789 123456789 123456789 123456789
123456789 123456789 123456789 123456789 123456789
12345678912
123456789 123456789 123456789 123456789 123456789
123456789 123456789 123456789 123456789 123456789
123456789 123456789 123456789 123456789 123456789
123456789 123456789 123456789 123456789 123456789
123456789 123456789 123456789 123456789 123456789
123456789 123456789 123456789 123456789 123456789
123456789 123456789 123456789 123456789 123456789
123456789 123456789 123456789 123456789 123456789
123456789 123456789 123456789 123456789 123456789
123456789 123456789 123456789 123456789 123456789
12345678912
123456789 123456789 123456789 123456789 123456789
123456789 123456789 123456789 123456789 123456789
123456789 123456789 123456789 123456789 123456789
123456789 123456789 123456789 123456789 123456789
123456789 123456789 123456789 123456789 123456789
123456789 123456789 123456789 123456789 123456789
123456789 123456789 123456789 123456789 123456789
123456789 123456789 123456789 123456789 123456789
123456789 123456789 123456789 123456789 123456789
123456789 123456789 123456789 123456789 123456789
12345678912
123456789 123456789 123456789 123456789 123456789
123456789 123456789 123456789 123456789 123456789
123456789 123456789 123456789 123456789 123456789
123456789 123456789 123456789 123456789 123456789
123456789 123456789 123456789 123456789 123456789
123456789 123456789 123456789 123456789 123456789
123456789 123456789 123456789 123456789 123456789
123456789 123456789 123456789 123456789 123456789
123456789 123456789 123456789 123456789 123456789
123456789 123456789 123456789 123456789 123456789
123456785

